<?php

$arrayA = [
    key0=> [
        0,
        0,
        0,
        1,
        1,
        0,
        1,
    ],
    key1=> [
        0,
        0,
        1,
        1,
        0,
        0,
        1,
    ],
    key2=> [
        0,
        0,
        1,
        0,
        0,
        1,
        1,
    ],
    key3=> [
        0,
        1,
        1,
        1,
        1,
        0,
        1,
    ],
    key4=> [
        0,
        1,
        0,
        0,
        0,
        1,
        1,
    ],
    key5=> [
        0,
        1,
        1,
        0,
        0,
        0,
        1,
    ],
    key6=> [
        0,
        1,
        0,
        1,
        1,
        1,
        1,
    ],
    key7=> [
        0,
        1,
        1,
        1,
        0,
        1,
        1,
    ],
    key8=> [
        0,
        1,
        1,
        0,
        1,
        1,
        1,
    ],
    key9=> [
        0,
        0,
        0,
        1,
        0,
        1,
        1,
    ],

]

?>